SIZE= 256
0.0094
0.0076
4.70938
5.80403
SIZE= 256
0.0095
0.0079
4.58547
6.47066
SIZE= 256
0.0079
0.006
4.53222
6.80858
SIZE= 256
0.0095
0.0083
4.57114
6.75328
SIZE= 256
0.0089
0.0065
5.39341
6.03546
SIZE= 256
0.0078
0.0063
4.40227
5.99142
SIZE= 256
0.008
0.0066
6.40614
5.8368
SIZE= 256
0.0088
0.0082
5.31354
5.72109
SIZE= 256
0.0082
0.0065
4.53632
6.6601
SIZE= 256
0.0098
0.0074
5.00842
5.85318
SIZE= 512
0.0167
0.0148
4.47802
6.31706
SIZE= 512
0.0203
0.0171
4.81485
5.69549
SIZE= 512
0.0191
0.0178
5.32173
5.94842
SIZE= 512
0.0201
0.0179
4.49024
5.3289
SIZE= 512
0.0203
0.0174
4.59162
6.63757
SIZE= 512
0.02
0.0182
4.27418
5.46509
SIZE= 512
0.0203
0.0183
5.72211
6.03341
SIZE= 512
0.0162
0.0144
4.51789
5.66886
SIZE= 512
0.0162
0.0142
5.23776
5.89005
SIZE= 512
0.0168
0.0135
5.26746
5.50093
SIZE= 1024
0.0417
0.0386
8.81971
10.2728
SIZE= 1024
0.0336
0.0479
9.42285
9.07878
SIZE= 1024
0.0401
0.041
8.76339
10.1038
SIZE= 1024
0.0431
0.0387
9.34502
9.73005
SIZE= 1024
0.0337
0.0316
7.66157
9.81709
SIZE= 1024
0.0549
0.0509
8.4521
9.71776
SIZE= 1024
0.0423
0.0385
9.3952
9.11053
SIZE= 1024
0.043
0.0397
8.20531
9.35936
SIZE= 1024
0.0336
0.0317
8.71629
10.0772
SIZE= 1024
0.0344
0.0317
8.26368
9.7239
SIZE= 1024
0.0432
0.0405
9.59386
27.1493
SIZE= 1024
0.0418
0.0393
8.62106
10.2257
SIZE= 2048
0.0737
0.0701
8.03021
9.72083
SIZE= 2048
0.0853
0.0668
8.35584
9.8007
SIZE= 2048
0.2276
0.1111
9.31942
9.73517
SIZE= 2048
0.0909
0.0867
8.6487
9.82323
SIZE= 2048
0.0888
0.0864
9.14125
8.57395
SIZE= 2048
0.0905
0.1036
7.86842
9.74746
SIZE= 2048
0.0911
0.0883
8.03942
10.2236
SIZE= 2048
0.09
0.089
8.23808
10.0628
SIZE= 2048
0.0715
0.0753
7.67907
9.89594
SIZE= 2048
0.0739
0.1144
9.86317
9.32147
SIZE= 4096
0.2001
0.1917
8.92006
9.3225
SIZE= 4096
0.1542
0.1531
9.27539
9.99629
SIZE= 4096
0.1552
0.1541
8.55552
10.1816
SIZE= 4096
0.2469
0.1849
8.71629
9.89389
SIZE= 4096
0.1536
0.1468
8.68659
9.69114
SIZE= 4096
0.1978
0.2148
9.31021
9.44026
SIZE= 4096
0.1546
0.1542
9.06957
9.02042
SIZE= 4096
0.1961
0.1909
7.99846
10.7459
SIZE= 4096
0.198
0.1913
7.69024
10.4325
SIZE= 4096
0.1951
0.1883
8.25139
10.3823
SIZE= 8192
0.476
0.5345
8.7255
9.73414
SIZE= 8192
0.4344
0.4173
8.59136
9.45152
SIZE= 8192
0.422
0.4191
8.27392
10.2144
SIZE= 8192
0.4217
0.3546
8.70717
10.3025
SIZE= 8192
0.4119
0.4722
9.53037
9.29792
SIZE= 8192
0.3389
0.3307
8.83405
9.68909
SIZE= 8192
0.4182
0.4103
9.12077
8.73267
SIZE= 8192
0.4297
0.3378
8.21862
9.46586
SIZE= 8192
0.4268
0.4054
8.99994
10.3516
SIZE= 8192
0.4159
0.4239
8.69376
10.3875
SIZE= 8192
0.3319
0.3304
8.06912
9.80787
SIZE= 8192
0.3479
0.3316
7.98618
9.84064
SIZE= 8192
0.4209
0.3986
8.99379
9.92461
SIZE= 8192
0.4342
0.3783
7.90118
9.81094
SIZE= 8192
0.3442
0.5483
22.6714
10.1724
SIZE= 8192
0.3341
0.3947
8.39987
8.94566
SIZE= 16384
0.8558
0.8202
8.29952
9.85805
SIZE= 16384
0.9684
0.7255
8.99174
9.76179
SIZE= 16384
0.7418
0.7624
8.40602
9.74131
SIZE= 16384
0.7385
0.7352
8.40192
8.77363
SIZE= 16384
0.9046
0.7186
9.09517
8.92621
SIZE= 16384
0.7814
0.7301
8.46029
10.3516
SIZE= 16384
0.9294
0.7808
8.48384
9.63072
SIZE= 16384
0.8703
0.7456
8.79206
9.728
SIZE= 16384
0.9126
0.7382
8.23296
10.8995
SIZE= 16384
0.7111
0.7135
7.80288
9.70752
SIZE= 32768
2.0392
1.4586
8.13907
10.1763
SIZE= 32768
1.7165
1.5264
8.54109
9.51715
SIZE= 32768
1.7449
1.564
8.82499
9.99238
SIZE= 32768
1.6377
1.5428
8.62384
9.87574
SIZE= 32768
1.8314
1.5287
8.45795
10.4574
SIZE= 32768
1.566
1.5696
9.16515
9.40928
SIZE= 32768
1.6343
1.5655
8.86426
8.87331
SIZE= 32768
1.7344
1.5418
8.32374
9.50976
SIZE= 32768
1.646
1.51
9.10112
9.59808
SIZE= 32768
1.7292
1.4931
8.03283
9.66461
SIZE= 65536
3.4814
3.3578
7.76166
9.66013
SIZE= 65536
3.26
3.2471
8.12717
9.04381
SIZE= 65536
3.5663
3.3185
7.71843
9.98192
SIZE= 65536
3.2645
3.2908
8.71018
10.2396
SIZE= 65536
3.6521
3.9321
9.69318
10.0577
SIZE= 65536
3.4707
3.2604
8.57818
8.81245
SIZE= 65536
3.309
3.2483
8.09094
9.34371
SIZE= 65536
3.398
3.2397
8.13494
10.0073
SIZE= 65536
3.4635
3.2983
8.22051
8.05741
SIZE= 65536
3.6104
3.2547
7.44486
9.26691
SIZE= 131072
7.2689
7.1223
23.5286
10.7708
SIZE= 131072
6.986
6.7363
9.74467
10.437
SIZE= 131072
6.9956
6.8577
10.255
10.4286
SIZE= 131072
7.1561
6.8991
8.01344
10.4806
SIZE= 131072
6.873
6.9901
8.92461
10.5989
SIZE= 131072
6.9476
6.8527
8.10896
9.09939
SIZE= 131072
6.8539
6.8951
8.59392
10.4662
SIZE= 131072
6.9023
6.8467
8.16234
9.75286
SIZE= 131072
6.8614
6.898
8.07261
10.7548
SIZE= 131072
6.8861
6.8388
8.73133
10.1843
SIZE= 262144
13.7022
13.6261
41.0628
41.5971
SIZE= 262144
14.1539
13.6582
40.7475
39.2637
SIZE= 262144
13.928
13.431
39.2268
41.5457
SIZE= 262144
13.9735
14.0254
40.2047
40.2706
SIZE= 262144
13.9074
13.3946
38.8272
41.7732
SIZE= 262144
13.458
13.7582
39.9342
40.7908
SIZE= 262144
13.5681
13.6886
39.9582
39.2651
SIZE= 262144
13.7044
13.9067
38.0496
40.6629
SIZE= 262144
13.6174
13.695
40.1017
41.0712
SIZE= 262144
13.7482
13.6265
40.3364
40.5949
SIZE= 524288
26.2559
25.7275
46.9112
46.1847
SIZE= 524288
26.1733
26.8918
45.3429
45.25
SIZE= 524288
25.4766
25.8535
46.8657
46.1959
SIZE= 524288
26.2441
25.7427
46.509
46.7176
SIZE= 524288
26.3006
26.7468
47.9771
50.4236
SIZE= 524288
26.7854
26.0227
47.1139
47.5199
SIZE= 524288
25.9513
25.5866
46.8894
47.2251
SIZE= 524288
25.8295
26.082
46.4053
48.3841
SIZE= 524288
26.0114
25.8691
50.2007
46.5084
SIZE= 524288
26.3342
25.7634
43.8896
46.1819
SIZE= 1048576
51.725
51.8295
51.6252
50.9465
SIZE= 1048576
51.2834
49.5117
50.2353
50.6454
SIZE= 1048576
50.8451
51.7985
50.0359
51.182
SIZE= 1048576
50.7828
51.3079
49.7542
50.2588
SIZE= 1048576
50.5902
49.7813
50.2263
50.1767
SIZE= 1048576
49.979
50.7429
49.4942
49.4941
SIZE= 1048576
51.1298
52.1358
50.1065
51.6395
SIZE= 1048576
50.1754
50.5928
49.076
52.1901
SIZE= 1048576
50.7922
50.5043
50.7409
50.9494
SIZE= 1048576
49.3953
50.3009
50.0728
50.6073
SIZE= 1048576
50.9745
51.8891
51.1357
50.4871
SIZE= 2097152
99.2969
98.844
57.5874
56.3668
SIZE= 2097152
98.2919
99.0055
58.1849
57.1159
SIZE= 2097152
99.7459
100.664
56.7805
56.1347
SIZE= 2097152
99.5306
101.685
58.3835
57.0717
SIZE= 2097152
100.764
101.344
57.3329
58.6157
SIZE= 2097152
102.15
101.258
57.9577
58.5743
SIZE= 2097152
98.6016
98.6839
56.3813
58.0832
SIZE= 2097152
99.5248
101.089
57.4688
58.6643
SIZE= 2097152
100.417
98.967
55.6776
57.4975
SIZE= 2097152
102.541
101.076
57.8341
57.5494
SIZE= 4194304
195.23
194.335
73.6001
74.0202
SIZE= 4194304
195.094
190.167
72.3023
77.5372
SIZE= 4194304
197.997
193.224
72.8361
75.0703
SIZE= 4194304
195.771
196.456
75.5524
73.361
SIZE= 4194304
195.885
193.249
74.1706
73.4458
SIZE= 4194304
198.366
197.27
73.3776
72.547
SIZE= 4194304
199.973
195.923
74.1127
73.2485
SIZE= 4194304
194.349
195.795
72.7879
73.6293
SIZE= 4194304
199.44
196.657
73.8464
73.5133
SIZE= 4194304
196.2
195.402
73.7365
73.4385
SIZE= 8388608
389.795
401.727
107.963
105.163
SIZE= 8388608
385.408
383.691
105.487
105.208
SIZE= 8388608
391.59
374.424
104.287
107.228
SIZE= 8388608
377.539
395.694
104.934
108.62
SIZE= 8388608
383.13
387.813
105.347
102.123
SIZE= 8388608
393.158
387.59
104.947
105.546
SIZE= 8388608
393.783
398.769
106.472
104.916
SIZE= 8388608
380.899
385.233
104.837
108.965
SIZE= 8388608
388.114
383.582
104.838
107.71
SIZE= 8388608
385.488
378.217
104.353
104.079
SIZE= 16777216
774.947
760.568
169.911
160.96
SIZE= 16777216
767.042
755.257
167.325
159.101
SIZE= 16777216
767.151
761.937
168.185
162.628
SIZE= 16777216
765.656
772.266
167.013
159.146
SIZE= 16777216
770.765
765.667
166.513
160.025
SIZE= 16777216
762.95
770.438
167.253
169.067
SIZE= 16777216
759.056
761.054
167.528
158.333
SIZE= 16777216
753.022
753.03
168.375
162.041
SIZE= 16777216
756.446
764.814
166.933
159.813
SIZE= 16777216
775.042
759.894
166.249
161.447
SIZE= 33554432
1539.45
1523.08
290.056
279.519
SIZE= 33554432
1533.33
1492.94
286.482
278.727
SIZE= 33554432
1518.03
1520.47
286.96
279.168
SIZE= 33554432
1513.25
1515.85
290.399
279.422
SIZE= 33554432
1516.88
1507.03
287.379
303.782
SIZE= 33554432
1526.54
1518.3
292.845
279.78
SIZE= 33554432
1516.4
1501.75
285.407
278.723
SIZE= 33554432
1539.81
1504.19
285.582
278.672
SIZE= 33554432
1505.77
1536.85
290.809
305.345
SIZE= 33554432
1546.37
1518.21
289.364
280.599
SIZE= 67108864
3068.55
3012.11
515.612
519.143
SIZE= 67108864
3005.19
3028.14
526.227
515.964
SIZE= 67108864
3058.06
3049.14
521.026
515.174
SIZE= 67108864
3010.2
3019.12
517.42
516.477
SIZE= 67108864
3032.43
3002.39
521.633
516.546
SIZE= 67108864
3027.27
3023.65
520.2
517.002
SIZE= 67108864
3067.05
3092.49
536.546
518.33
SIZE= 67108864
3017.05
3019.5
524.98
519.893
SIZE= 67108864
3011.92
2995.26
523.85
517.899
SIZE= 67108864
3003.54
3012.17
520.796
519.375
SIZE= 67108864
2994.34
3016.09
523.982
518.418
SIZE= 134217728
5936.73
6091.71
1044.68
1035.31
SIZE= 134217728
6000.72
5948.19
1033.53
1027.97
SIZE= 134217728
5981.03
5984.76
1032.85
1028.51
SIZE= 134217728
5893.52
5995.66
1036.58
1026.83
SIZE= 134217728
5970.86
6050.97
1057.49
1027.12
SIZE= 134217728
6114.02
6219.39
1049.61
1082.07
SIZE= 134217728
6049.7
6038.77
1037.27
1031.87
SIZE= 134217728
6179.4
6105.52
1089.13
1081.17
SIZE= 134217728
6135.11
6102.33
1062.17
1052.3
SIZE= 134217728
6062.03
6224.28
1061
1054.05