** SCAN TESTS **
SIZE= 1048576
0.4504
0.4851
1.36806
1.63558
0.2928
0.119808
0.591872
0.871424

1.7626
1.6515
2.9795
0.485824
0.269312
** SCAN TESTS **
SIZE= 1048576
0.5501
0.4727
0.99328
0.896576
0.991584
0.15872
0.504832
0.50688

1.7609
1.7537
3.0031
0.57184
0.28672
** SCAN TESTS **
SIZE= 1048576
0.4682
0.5173
1.0007
0.8968
0.33104
0.129024
0.555008
0.534528

1.788
1.7597
2.905
0.562208
0.236544
** SCAN TESTS **
SIZE= 1048576
0.5049
0.5013
1.05923
1.55363
0.309632
0.128
0.5632
1.18886

1.7676
1.7558
3.0609
0.45408
0.289792
** SCAN TESTS **
SIZE= 1048576
0.5039
0.4544
1.04778
1.02218
0.269248
0.130048
1.02502
1.03936

1.7631
1.767
3.1677
0.541056
0.498688
** SCAN TESTS **
SIZE= 1048576
0.5116
0.5015
1.12358
0.924448
0.275488
0.126976
0.576512
0.52736

1.7716
1.7523
2.8995
0.485312
0.267264
** SCAN TESTS **
SIZE= 1048576
0.6063
0.472
1.09014
0.907424
0.287744
0.121856
0.555008
0.627712

1.7736
1.7799
2.9913
0.481152
0.231424
** SCAN TESTS **
SIZE= 1048576
0.54
0.4696
0.990528
0.90704
0.49472
0.130048
0.782336
0.572416

1.7738
1.7718
2.9814
0.683872
0.221184
** SCAN TESTS **
SIZE= 1048576
0.4714
0.4571
1.06557
0.888192
0.289152
0.216064
0.490496
0.564224

1.772
1.7727
2.9239
0.821728
0.882688
** SCAN TESTS **
SIZE= 1048576
0.6784
0.473
1.01606
0.959392
0.44688
0.119808
0.566272
0.483328

1.7899
1.7777
3.0413
1.20099
0.2816
** SCAN TESTS **
SIZE= 524288
0.2726
0.2448
0.923296
0.919456
0.319264
0.145408
0.570368
0.499712

0.8899
0.8792
1.484
0.366624
0.139264
** SCAN TESTS **
SIZE= 524288
0.2597
3.2616
1.64019
0.768576
0.218208
0.078848
0.5376
0.524288

0.8938
0.8795
1.4681
0.3992
0.1536
** SCAN TESTS **
SIZE= 524288
0.2345
0.2091
0.795232
0.656224
0.352256
0.079872
0.551936
0.507904

0.9156
0.8925
1.5577
0.403616
0.157696
** SCAN TESTS **
SIZE= 524288
0.2419
0.2087
1.56384
0.628512
0.778464
0.1024
0.520192
0.49152

0.8868
0.8961
1.4897
0.357472
0.18944
** SCAN TESTS **
SIZE= 524288
0.334
0.2255
0.72784
0.688512
0.321056
0.079872
0.550912
0.482304

0.8902
0.8859
1.5687
0.439872
0.190464
** SCAN TESTS **
SIZE= 524288
0.3269
0.2151
0.756384
0.582912
0.224256
0.11776
0.618496
0.505856

0.8836
0.8815
1.4793
0.35952
0.205824
** SCAN TESTS **
SIZE= 524288
0.2721
0.334
0.797824
0.861888
0.263424
0.110592
1.24621
0.480256

0.8919
0.8867
1.5136
0.351904
0.167936
** SCAN TESTS **
SIZE= 524288
0.2777
0.2814
1.23696
0.777856
0.535456
0.080896
0.559104
0.521216

0.8926
0.8845
1.4883
0.362944
0.197632
** SCAN TESTS **
SIZE= 524288
0.2368
0.3119
0.775712
0.759072
0.58144
0.105472
0.560128
0.482304

0.8946
0.8832
1.6546
0.364192
0.150528
** SCAN TESTS **
SIZE= 524288
0.2817
0.316
0.665056
0.855264
0.207776
0.077824
0.574464
0.956416

0.8979
0.8796
1.466
0.436096
0.139264
** SCAN TESTS **
SIZE= 524288
0.3001
0.2419
0.897216
0.684736
0.24432
0.106496
0.668672
0.726016

0.886
0.8807
1.5079
0.305024
0.187392
** SCAN TESTS **
SIZE= 524288
0.2796
0.2488
0.63728
0.867808
0.216096
0.08192
0.600064
0.521216

0.8975
0.8859
1.481
0.371648
0.181248
** SCAN TESTS **
SIZE= 524288
0.2721
0.223
0.832608
0.90384
0.226368
0.08192
0.525312
0.451584

0.8892
0.8826
1.4629
0.826112
0.147456
** SCAN TESTS **
SIZE= 524288
0.2353
0.2863
1.67933
0.684672
0.225216
0.090112
0.516096
0.50688

0.8852
0.8858
1.5655
0.390144
0.192512
** SCAN TESTS **
SIZE= 262144
0.1314
0.0997
1.42598
1.02925
0.202048
0.083968
0.536576
0.622592

0.4531
0.4483
0.7781
0.221024
0.103424
** SCAN TESTS **
SIZE= 262144
0.1202
0.1002
0.5288
0.388416
0.202304
0.062464
0.549888
0.546816

0.4517
0.4558
0.7405
0.349216
0.104448
** SCAN TESTS **
SIZE= 262144
0.128
0.1123
0.486112
0.406784
0.207776
0.074752
0.576512
0.585728

0.4498
0.4545
0.7724
0.250848
0.113664
** SCAN TESTS **
SIZE= 262144
0.1185
0.124
0.512032
0.600384
0.266528
0.06144
0.605184
0.605184

0.4484
0.4363
0.7507
0.309856
0.11776
** SCAN TESTS **
SIZE= 262144
0.1297
0.1247
0.47056
0.394112
0.197408
0.063488
0.514048
0.637952

0.4533
0.4422
0.7578
0.294272
0.110592
** SCAN TESTS **
SIZE= 262144
0.1519
0.1236
0.498464
0.505952
0.202048
0.095232
0.470016
0.448512

0.446
0.4488
0.7608
0.287456
0.101376
** SCAN TESTS **
SIZE= 262144
0.1315
0.1236
0.448384
0.430176
0.22336
0.063488
0.587776
0.466944

0.4529
0.4493
0.7285
0.354048
0.101376
** SCAN TESTS **
SIZE= 262144
0.1422
0.126
0.46608
0.38432
0.199616
0.063488
0.598016
0.49152

0.4483
0.4374
0.7773
0.300608
0.100352
** SCAN TESTS **
SIZE= 262144
0.1484
0.1519
0.476
0.413568
0.192672
0.074752
0.52224
0.497664

0.4477
0.4446
0.7858
0.329856
0.101376
** SCAN TESTS **
SIZE= 262144
0.1363
0.1041
0.54752
0.397024
0.19744
0.063488
0.562176
0.454656

0.4555
0.462
0.7988
0.277088
0.118784
** SCAN TESTS **
SIZE= 262144
0.1295
0.1524
0.560736
0.408288
0.26848
0.075776
0.545792
0.50688

0.4531
0.4515
0.8054
0.41584
0.13824
** SCAN TESTS **
SIZE= 262144
0.1357
0.1516
0.47424
0.82832
0.226016
0.0768
0.560128
0.544672

0.4537
0.4384
0.8328
0.871456
0.105472
** SCAN TESTS **
SIZE= 262144
0.1322
0.1218
0.488352
0.378112
0.220448
0.06256
0.502784
0.502784

0.4574
0.4532
0.8122
0.343904
0.11888
** SCAN TESTS **
SIZE= 262144
0.1223
0.1229
0.573664
0.396352
0.252704
0.063488
0.618496
0.470016

0.458
0.4536
0.792
0.3864
0.115712
** SCAN TESTS **
SIZE= 262144
0.1221
0.1237
0.583712
0.387616
0.24896
0.062464
0.5376
0.636928

0.4624
0.4436
0.8024
0.3528
0.110592
** SCAN TESTS **
SIZE= 262144
0.12
0.1097
0.485696
0.365184
0.223264
0.062464
0.585728
0.49664

0.4463
0.4437
0.7758
0.808992
0.1024
** SCAN TESTS **
SIZE= 131072
0.0641
0.069
0.423104
0.610944
0.197248
0.056352
0.14336
0.047104

0.2291
0.2283
0.3813
0.234144
0.099328
** SCAN TESTS **
SIZE= 131072
0.058
0.0485
1.17872
0.313568
0.23776
0.068608
0.132096
0.045056

0.2289
0.2181
0.3837
0.231712
0.162816
** SCAN TESTS **
SIZE= 131072
0.0716
0.0612
0.571392
0.338112
0.177792
0.057344
0.160768
0.048128

0.226
0.2171
0.3918
0.23936
0.08704
** SCAN TESTS **
SIZE= 131072
0.0672
0.0507
1.22704
0.41136
0.181312
0.105472
0.106496
0.045056

0.2274
0.2205
0.3919
0.240768
0.130048
** SCAN TESTS **
SIZE= 131072
0.0628
0.0569
0.508416
0.386208
0.192512
0.057344
0.155648
0.047104

0.2477
0.2164
0.4028
0.35344
0.08704
** SCAN TESTS **
SIZE= 131072
0.0652
0.0605
0.52832
0.337024
0.177568
0.067584
0.103424
0.046016

0.2262
0.2268
0.3835
0.249344
0.28672
** SCAN TESTS **
SIZE= 131072
0.066
0.0593
0.452096
0.336096
0.233248
0.05744
0.110592
0.04608

0.2286
0.2323
0.3869
0.223744
0.083968
** SCAN TESTS **
SIZE= 131072
0.0667
0.0484
0.71808
0.406528
0.228768
0.059392
0.105472
0.083968

0.227
0.2265
0.3798
0.210304
0.088064
** SCAN TESTS **
SIZE= 131072
0.0598
0.0604
0.476672
0.367616
0.17536
0.05632
0.10752
0.050176

0.2286
0.224
0.4248
0.263264
0.104448
** SCAN TESTS **
SIZE= 131072
0.061
0.0508
0.626464
0.346592
0.177152
0.05632
0.145408
0.047008

0.2259
0.2186
0.3903
0.2552
0.109568
** SCAN TESTS **
SIZE= 131072
0.0653
0.075
0.523136
0.341312
0.218432
0.101376
0.120832
0.057344

0.2588
0.2565
0.439
0.341088
0.08704
** SCAN TESTS **
SIZE= 131072
0.057
0.0485
0.452832
1.05754
0.223168
0.068608
0.113664
0.053248

0.2266
0.2179
0.3915
0.283936
0.101376
** SCAN TESTS **
SIZE= 65536
0.0298
0.0273
0.50256
0.40112
0.199424
0.053248
0.109568
0.048128

0.1155
0.1101
0.2443
0.193216
0.269312
** SCAN TESTS **
SIZE= 65536
0.0349
0.034
0.446688
0.36672
0.176256
0.055296
0.128
0.083968

0.115
0.1158
0.1965
0.228288
0.113664
** SCAN TESTS **
SIZE= 65536
0.0291
0.0269
0.444896
0.314976
0.22944
0.052224
0.13824
0.078848

0.118
0.1188
0.2145
0.255872
0.088064
** SCAN TESTS **
SIZE= 65536
0.0413
0.0267
0.467008
0.281504
0.220832
0.053248
0.105472
0.050176

0.1175
0.1124
0.2082
0.17616
0.099328
** SCAN TESTS **
SIZE= 65536
0.0282
0.0271
0.43968
0.331424
0.195552
0.055296
0.125952
0.079872

0.1166
0.1098
0.2073
0.256384
0.082944
** SCAN TESTS **
SIZE= 65536
0.0357
0.0344
0.572032
0.274688
0.204416
0.053248
0.104448
0.04608

0.115
0.1097
0.217
0.174432
0.114688
** SCAN TESTS **
SIZE= 65536
0.0352
0.0341
0.571328
0.437504
0.22624
0.08704
0.108544
0.049152

0.1155
0.1101
0.2106
0.316192
0.079872
** SCAN TESTS **
SIZE= 65536
0.0299
0.0288
0.464736
0.297248
0.207424
0.052224
0.104448
0.04608

0.113
0.107
0.2086
0.22704
0.121856
** SCAN TESTS **
SIZE= 65536
0.0312
0.028
0.467232
0.448608
0.267168
0.053312
0.14848
0.048128

0.115
0.1095
0.1975
0.218912
0.079872
** SCAN TESTS **
SIZE= 65536
0.0291
0.0279
1.16371
0.336096
0.218432
0.052224
0.126976
0.048128

0.1459
0.1438
0.2517
0.889952
0.079872
** SCAN TESTS **
SIZE= 65536
0.0346
0.034
0.567616
0.3104
0.202944
0.053248
0.137216
0.093184

0.1468
0.1448
0.2769
0.279424
0.09216
** SCAN TESTS **
SIZE= 32768
0.017
0.016
0.399936
0.355616
0.179584
0.08704
0.10752
0.044032

0.0643
0.0539
0.1181
0.21072
0.079872
** SCAN TESTS **
SIZE= 32768
0.0151
0.0139
0.393152
0.447936
0.176512
0.0512
0.141312
0.029696

0.0583
0.0581
0.1111
0.227392
0.077824
** SCAN TESTS **
SIZE= 32768
0.0139
0.0132
0.518368
0.3568
0.203072
0.082944
0.123872
0.04608

0.066
0.0546
0.1048
0.208608
0.078848
** SCAN TESTS **
SIZE= 32768
0.0167
0.016
0.4968
0.338592
0.21152
0.084992
0.144384
0.03072

0.0595
0.0586
0.1106
0.257408
0.110592
** SCAN TESTS **
SIZE= 32768
0.0206
0.0129
0.474816
0.27232
0.203456
0.0512
0.124928
0.0768

0.0585
0.0582
0.1071
0.255168
0.146432
** SCAN TESTS **
SIZE= 32768
0.0141
0.0131
0.488864
0.31312
0.17968
0.052256
0.105472
0.044032

0.0581
0.0544
0.1183
0.18912
0.108544
** SCAN TESTS **
SIZE= 32768
0.0173
0.0166
0.491584
0.354208
0.213728
0.06144
0.110592
0.059392

0.0707
0.0709
0.1106
0.221376
0.101376
** SCAN TESTS **
SIZE= 32768
0.0144
0.0131
0.482304
0.740416
0.220768
0.053248
0.118784
0.050112

0.0594
0.0588
0.1067
0.209408
0.078848
** SCAN TESTS **
SIZE= 32768
0.0136
0.0119
0.38848
0.322016
0.191776
0.078848
0.146432
0.044032

0.0654
0.055
0.1108
0.208832
0.180224
** SCAN TESTS **
SIZE= 32768
0.0167
0.0159
0.396736
0.366464
0.218144
0.063488
0.146432
0.04096

0.0724
0.067
0.1376
0.260352
0.074752
** SCAN TESTS **
SIZE= 16384
0.0082
0.0076
0.385024
0.301056
0.171008
0.072736
0.108544
0.05632

0.0299
0.0262
0.0611
0.182272
0.142336
** SCAN TESTS **
SIZE= 16384
0.0073
0.0069
0.425984
0.314368
0.187392
0.052256
0.10752
0.050176

0.0377
0.0319
0.0798
0.173056
0.091136
** SCAN TESTS **
SIZE= 16384
0.0071
0.007
0.976896
0.270336
0.748544
0.095232
0.10752
0.047104

0.0301
0.0295
0.0595
0.168
0.144384
** SCAN TESTS **
SIZE= 16384
0.0081
0.0076
0.369664
0.251904
0.158752
0.0512
0.098304
0.0512

0.0377
0.0349
0.0776
0.165888
0.113664
** SCAN TESTS **
SIZE= 16384
0.0079
0.0061
1.00147
0.297984
0.151552
0.086016
0.108544
0.082944

0.0302
0.0263
0.1034
0.141312
0.136192
** SCAN TESTS **
SIZE= 16384
0.0083
0.0074
0.386048
0.280576
0.124928
0.0512
0.13312
0.050176

0.0418
0.0351
0.0744
0.164864
0.125952
** SCAN TESTS **
SIZE= 16384
0.0079
0.0076
0.413696
0.251008
0.178176
0.0512
0.150528
0.108544

0.0309
0.0277
0.0567
0.171008
0.096256
** SCAN TESTS **
SIZE= 16384
0.0066
0.0061
0.473088
0.351232
0.131072
0.075776
0.130048
0.047104

0.0388
0.0354
0.0739
0.149504
0.075776
** SCAN TESTS **
SIZE= 16384
0.008
0.0114
0.366592
0.377856
0.18944
0.060416
0.106496
0.055296

0.0307
0.0278
0.0614
0.170048
0.145408
** SCAN TESTS **
SIZE= 16384
0.0082
0.0076
0.996352
0.301056
0.15872
0.050272
0.10752
0.04608

0.0311
0.0265
0.0571
0.157696
0.14336
** SCAN TESTS **
SIZE= 8192
0.0043
0.0039
0.315392
0.234496
0.186368
0.052224
0.11776
0.048128

0.0184
0.013
0.0331
0.22016
0.10752
** SCAN TESTS **
SIZE= 8192
0.004
0.0031
0.350208
0.226304
0.208896
0.050176
0.101376
0.058368

0.015
0.011
0.0261
0.181248
0.147456
** SCAN TESTS **
SIZE= 8192
0.0039
0.0034
0.93696
0.306176
0.13312
0.053312
0.124928
0.039936

0.0153
0.0107
0.0266
0.161792
0.11264
** SCAN TESTS **
SIZE= 8192
0.0046
0.0038
0.443392
0.247808
0.178176
0.06656
0.144384
0.04608

0.0157
0.0111
0.0268
0.159744
0.123904
** SCAN TESTS **
SIZE= 8192
0.0034
0.0035
0.387072
0.270336
0.173056
0.058368
0.118784
0.047104

0.0153
0.0107
0.0265
0.169984
0.113664
** SCAN TESTS **
SIZE= 8192
0.0042
0.0041
0.486528
0.315392
0.152576
0.09216
0.114688
0.06656

0.0154
0.0103
0.027
0.154656
0.106496
** SCAN TESTS **
SIZE= 8192
0.0044
0.0038
0.335872
0.21504
0.150528
0.08704
0.109568
0.049152

0.0153
0.0105
0.0273
0.690176
0.074752
** SCAN TESTS **
SIZE= 8192
0.0044
0.0038
0.345088
0.325632
0.131072
0.0512
0.126976
0.045056

0.0152
0.0104
0.0265
0.216064
0.073728
** SCAN TESTS **
SIZE= 8192
0.0042
0.0039
0.342016
0.233472
0.132096
0.08704
0.187392
0.045056

0.0155
0.0105
0.0268
0.18944
0.139264
** SCAN TESTS **
SIZE= 8192
0.0037
0.0075
0.352256
0.29184
0.170048
0.086016
0.105472
0.04608

0.0155
0.0106
0.0265
0.13312
0.075776
** SCAN TESTS **
SIZE= 4096
0.0027
0.0015
0.946176
0.27648
0.177152
0.083968
0.118784
0.041984

0.0076
0.0045
0.0121
0.124928
0.073728
** SCAN TESTS **
SIZE= 4096
0.0022
0.0028
0.907264
0.221184
0.14336
0.072704
0.109568
0.045056

0.0079
0.0045
0.014
0.171008
0.072704
** SCAN TESTS **
SIZE= 4096
0.0028
0.002
0.325632
0.277504
0.16384
0.083968
0.130048
0.041984

0.008
0.0046
0.0143
0.20992
0.126976
** SCAN TESTS **
SIZE= 4096
0.0028
0.0019
0.411648
0.282624
0.16384
0.08192
0.125952
0.058368

0.0079
0.0047
0.0123
0.163904
0.120832
** SCAN TESTS **
SIZE= 4096
0.0018
0.0016
0.295936
0.27136
0.1792
0.06144
0.111616
0.045056

0.0078
0.0044
0.0132
0.196608
0.079872
** SCAN TESTS **
SIZE= 4096
0.002
0.0016
0.268288
0.241664
0.145408
0.0512
0.11264
0.079872

0.008
0.0047
0.0127
0.160768
0.142336
** SCAN TESTS **
SIZE= 4096
0.0024
0.002
0.33792
0.214016
0.234496
0.06144
0.1024
0.044032

0.0079
0.0045
0.0137
0.151552
0.109568
** SCAN TESTS **
SIZE= 4096
0.0026
0.002
0.2816
0.238592
0.264192
0.050176
0.104448
0.067584

0.0078
0.0044
0.0125
0.164864
0.11264
** SCAN TESTS **
SIZE= 4096
0.0027
0.002
0.309248
0.24064
0.124928
0.095232
0.139264
0.0512

0.0101
0.0061
0.0153
0.212992
0.098304
** SCAN TESTS **
SIZE= 4096
0.0022
0.0016
0.340992
0.26112
0.157696
0.086016
0.100288
0.057344

0.008
0.0045
0.015
0.200704
0.114688
** SCAN TESTS **
SIZE= 2048
0.0014
0.001
0.385088
0.299008
0.12288
0.083968
0.11264
0.045056

0.0041
0.0023
0.0108
0.186368
0.099328
** SCAN TESTS **
SIZE= 2048
0.0015
0.001
0.953344
0.288768
0.196608
0.053248
0.116736
0.049184

0.0042
0.0022
0.0084
0.177152
0.14336
** SCAN TESTS **
SIZE= 2048
0.0012
0.0009
0.805888
0.269312
0.192512
0.052224
0.105472
0.041984

0.0044
0.0022
0.0066
0.187392
0.142336
** SCAN TESTS **
SIZE= 2048
0.0012
0.0009
0.467968
0.190464
0.130048
0.050176
0.105472
0.043072

0.0041
0.0022
0.0063
0.16384
0.098304
** SCAN TESTS **
SIZE= 2048
0.0014
0.001
0.294912
0.289792
0.123904
0.084992
0.1024
0.054272

0.0052
0.0028
0.0079
0.167936
0.0768
** SCAN TESTS **
SIZE= 2048
0.0013
0.001
0.387072
0.29696
0.177152
0.686144
0.113664
0.04096

0.0044
0.0021
0.0056
0.15872
0.10752
** SCAN TESTS **
SIZE= 2048
0.0013
0.0008
0.280576
0.19456
0.126048
0.052224
0.110592
0.050176

0.0052
0.0026
0.0066
0.290816
0.080896
** SCAN TESTS **
SIZE= 2048
0.0016
0.001
0.335872
0.219136
0.19968
0.0512
0.14336
0.044032

0.0038
0.002
0.0049
0.16896
0.110592
** SCAN TESTS **
SIZE= 2048
0.0014
0.001
0.333824
0.212992
0.151552
0.065536
0.1024
0.04496

0.0042
0.0022
0.0054
0.16384
0.72704
** SCAN TESTS **
SIZE= 2048
0.0011
0.0009
0.319488
0.221184
0.185344
0.08192
0.103424
0.045056

0.0043
0.0023
0.0068
0.192512
0.073728
** SCAN TESTS **
SIZE= 2048
0.0014
0.001
0.303104
0.251904
0.154624
0.075776
0.123904
0.047104

0.0041
0.002
0.0052
0.167936
0.075776
** SCAN TESTS **
SIZE= 1024
0.001
0.0006
0.357376
0.274432
0.193536
0.088064
0.118784
0.04608

0.0019
0.001
0.0026
0.193536
0.105472
** SCAN TESTS **
SIZE= 1024
0.0012
0.0005
0.30208
0.241664
0.178176
0.08704
0.128
0.041984

0.0022
0.0011
0.0031
0.141312
0.0768
** SCAN TESTS **
SIZE= 1024
0.0009
0.0006
0.406528
0.272384
0.152576
0.084992
0.123904
0.055296

0.0028
0.0013
0.0035
0.182272
0.109568
** SCAN TESTS **
SIZE= 1024
0.0009
0.0005
0.326656
0.201728
0.154624
0.08192
0.10656
0.04816

0.0028
0.0014
0.0034
0.220192
0.074752
** SCAN TESTS **
SIZE= 1024
0.0008
0.0004
0.447488
0.259072
0.160768
0.06144
0.131008
0.04608

0.0021
0.001
0.0026
0.216064
0.074752
** SCAN TESTS **
SIZE= 1024
0.0011
0.0004
0.35328
0.201728
0.177152
0.08192
0.125952
0.041984

0.0023
0.0011
0.0029
0.17408
0.10752
** SCAN TESTS **
SIZE= 1024
0.0015
0.0005
0.349184
0.221184
0.259072
0.124928
0.121792
0.043008

0.0021
0.0009
0.0027
0.165888
0.198656
** SCAN TESTS **
SIZE= 1024
0.0011
0.0006
0.305152
0.146432
0.1536
0.088064
0.123904
0.029696

0.0021
0.0011
0.0028
0.166912
0.11264
** SCAN TESTS **
SIZE= 1024
0.0008
0.0006
0.306176
0.181248
0.156672
0.086016
0.149504
0.045056

0.0019
0.001
0.0028
0.175104
0.125952
** SCAN TESTS **
SIZE= 1024
0.0008
0.0005
0.754688
0.1792
0.156704
0.049184
0.116736
0.04608

0.0022
0.0011
0.0028
0.195584
0.109568
** SCAN TESTS **
SIZE= 1024
0.001
0.0006
0.372736
0.180224
0.176128
0.0512
0.105472
0.048128

0.0025
0.0012
0.0032
0.176128
0.126976
** SCAN TESTS **
SIZE= 1024
0.001
0.0006
0.340992
0.186368
0.193536
0.049152
0.106496
0.045056

0.0028
0.0013
0.0034
0.192512
0.141312
** SCAN TESTS **
SIZE= 1024
0.0007
0.0005
0.361472
0.229376
0.160768
0.048128
0.139264
0.045056

0.0022
0.001
0.0029
0.160768
0.073728
** SCAN TESTS **
SIZE= 512
0.0006
0.0003
0.293888
0.180224
0.108544
0.016384
0.120832
0.077824

0.0012
0.0006
0.0013
0.134144
0.0512
** SCAN TESTS **
SIZE= 512
0.0007
0.0003
0.297984
0.192512
0.063488
0.027648
0.101376
0.045056

0.0011
0.0005
0.0013
0.113664
0.082944
** SCAN TESTS **
SIZE= 512
0.0007
0.0004
0.315392
0.188416
0.080896
0.016384
0.11776
0.041984

0.0013
0.0006
0.0016
0.113664
0.093184
** SCAN TESTS **
SIZE= 512
0.0006
0.0003
0.3072
0.233472
0.067584
0.024576
0.108544
0.041984

0.0013
0.0006
0.0017
0.156672
0.08704
** SCAN TESTS **
SIZE= 512
0.001
0.0003
0.325632
0.23552
0.099328
0.017408
0.124928
0.047168

0.0012
0.0006
0.0015
0.10752
0.089088
** SCAN TESTS **
SIZE= 512
0.0007
0.0003
0.27648
0.253952
0.099328
0.033792
0.152576
0.043104

0.0015
0.0007
0.0019
0.146432
0.0512
** SCAN TESTS **
SIZE= 512
0.0007
0.0003
1.02605
0.19968
0.090112
0.017408
0.126976
0.045056

0.0013
0.0005
0.0015
0.140288
0.083968
** SCAN TESTS **
SIZE= 512
0.0007
0.0003
0.32256
0.200704
0.059392
0.016384
0.142336
0.04608

0.0015
0.0006
0.0019
0.144384
0.050176
** SCAN TESTS **
SIZE= 512
0.0005
0.0003
0.26112
0.226304
0.075776
0.016384
0.119808
0.045056

0.0013
0.0005
0.0016
0.137216
0.079872
** SCAN TESTS **
SIZE= 512
0.0008
0.0004
0.351232
0.232448
0.069632
0.023552
0.114688
0.047104

0.0013
0.0006
0.0016
0.115712
0.059392
** SCAN TESTS **
SIZE= 512
0.0011
0.0003
0.268288
0.217088
0.098304
0.023552
0.128
0.044032

0.0012
0.0007
0.0017
0.106496
0.050176
** SCAN TESTS **
SIZE= 512
0.0006
0.0002
0.297984
0.226304
0.096256
0.024576
0.124928
0.044032

0.0011
0.0006
0.0015
0.167936
0.048128
** SCAN TESTS **
SIZE= 256
0.0005
0.0002
0.24576
0.191488
0.09216
0.016384
0.105472
0.067584

0.0007
0.0004
0.0009
0.144384
0.08192
** SCAN TESTS **
SIZE= 256
0.0004
0.0002
0.25088
0.12288
0.0768
0.017408
0.106496
0.074752

0.0006
0.0004
0.0008
0.14336
0.050176
** SCAN TESTS **
SIZE= 256
0.0008
0.0002
0.316416
0.229376
0.078848
0.0256
0.125952
0.034816

0.0008
0.0004
0.0008
0.142336
0.083968
** SCAN TESTS **
SIZE= 256
0.0004
0.0001
0.239616
0.181248
0.079872
0.016384
0.136192
0.045056

0.0007
0.0004
0.0009
0.139264
0.082944
** SCAN TESTS **
SIZE= 256
0.0004
0.0002
0.335872
0.183296
0.091136
0.016384
0.125952
0.043008

0.0007
0.0004
0.0007
0.195584
0.065536
** SCAN TESTS **
SIZE= 256
0.0005
0.0003
0.33792
0.150528
0.083968
0.023552
0.10752
0.045056

0.0007
0.0004
0.0008
0.107616
0.050176
** SCAN TESTS **
SIZE= 256
0.0004
0.0001
0.257024
0.1536
0.062464
0.023552
0.126976
0.043008

0.0009
0.0004
0.0011
0.166912
0.058368
** SCAN TESTS **
SIZE= 256
0.0006
0.0002
0.3072
0.151552
0.095232
0.023552
0.128
0.026624

0.0006
0.0004
0.0008
0.140288
0.082944
** SCAN TESTS **
SIZE= 256
0.0005
0.0003
0.333824
0.175104
0.093184
0.016384
0.121856
0.045056

0.0007
0.0004
0.0007
0.166912
0.049152
** SCAN TESTS **
SIZE= 256
0.0004
0.0002
0.241664
0.186432
0.063488
0.016384
0.129024
0.077824

0.0007
0.0004
0.0008
0.147456
0.049152
** SCAN TESTS **
SIZE= 256
0.0005
0.0002
0.252928
0.201728
0.12288
0.016448
0.149504
0.044032

0.0006
0.0004
0.0008
0.11776
0.083968
** SCAN TESTS **
SIZE= 256
0.0005
0.0002
0.238688
0.14336
0.100352
0.017408
0.135168
0.039936

0.0007
0.0004
0.0009
0.155648
0.049152
** SCAN TESTS **
SIZE= 256
0.0005
0.0003
0.26624
0.209952
0.094208
0.016384
0.105472
0.04608

0.0007
0.0004
0.0008
0.151552
0.093184
** SCAN TESTS **
SIZE= 256
0.0004
0.0002
0.231424
0.18432
0.077824
0.016416
0.108544
0.045056

0.0007
0.0004
0.0009
0.134144
0.083968
** SCAN TESTS **
SIZE= 256
0.0004
0.0002
0.246784
0.216064
0.095232
0.018432
0.13312
0.055296

0.0008
0.0004
0.001
0.113664
0.049152
** SCAN TESTS **
SIZE= 1048576
0.5552
0.5048
1.43517
1.1567
0.428256
0.12288
0.548864
0.65024

1.7697
1.7612
3.2172
0.527648
0.292864
** SCAN TESTS **
SIZE= 2097152
1.0637
1.0598
1.79869
1.64061
0.774624
0.549888
0.57856
0.699392

3.3956
3.5848
6.3465
1.32294
1.38957
** SCAN TESTS **
SIZE= 2097152
1.2786
1.1046
1.71523
2.27069
0.728864
0.556032
0.55296
0.551936

3.534
3.5509
6.0547
1.76403
1.08339
** SCAN TESTS **
SIZE= 2097152
1.0387
1.0955
1.73178
2.14938
0.654048
0.579584
0.534528
0.526336

3.5031
3.5363
6.1338
1.47238
1.04346
** SCAN TESTS **
SIZE= 2097152
1.3694
1.0494
1.81363
1.59533
1.10499
0.509952
0.583648
0.676864

3.4984
3.3388
6.397
1.29149
1.06496
** SCAN TESTS **
SIZE= 2097152
1.028
0.9806
1.79773
1.59802
0.725536
0.507904
0.566272
0.748544

3.5767
3.5661
6.0808
1.38314
0.920576
** SCAN TESTS **
SIZE= 2097152
1.1422
1.0384
2.77859
1.58848
0.738944
0.504832
0.528384
0.698368

3.5595
3.4713
6.2921
1.29184
0.965632
** SCAN TESTS **
SIZE= 2097152
1.0823
1.0753
2.00064
1.59347
0.93792
0.497664
0.538624
1.16835

3.5402
3.5109
6.1128
1.22554
0.991232
** SCAN TESTS **
SIZE= 2097152
1.1428
1.0534
1.80038
1.57702
1.27027
0.52224
0.57856
0.622592

3.5185
3.3396
6.7386
1.35978
1.12333
** SCAN TESTS **
SIZE= 2097152
0.9588
0.9766
1.78499
2.28851
0.662272
0.650272
0.643072
0.562176

3.5533
3.5475
6.1091
1.47894
0.971776
** SCAN TESTS **
SIZE= 2097152
1.0233
0.9828
2.16378
1.69619
0.733248
0.596992
0.548864
0.559104

3.5766
3.5256
6.4474
1.3208
1.00352
** SCAN TESTS **
SIZE= 4194304
2.18
2.2165
3.2249
3.21805
0.958336
0.843776
0.664576
0.81408

7.2458
7.1916
12.6813
1.58509
1.31994
** SCAN TESTS **
SIZE= 4194304
1.9014
2.1376
3.84598
3.12982
1.05837
1.21754
0.663552
0.720896

7.1029
7.1129
16.594
1.90944
1.29434
** SCAN TESTS **
SIZE= 4194304
2.0985
2.1093
3.19302
3.23082
1.52906
0.804864
0.673792
0.6144

6.9448
7.0111
12.0462
1.61491
1.29126
** SCAN TESTS **
SIZE= 4194304
2.046
2.0965
3.24842
3.21526
1.00698
0.615424
0.674816
0.684032

6.86
6.8863
12.5549
1.55798
3.02592
** SCAN TESTS **
SIZE= 4194304
2.2949
2.2026
3.16701
3.74506
0.973408
0.591872
0.638976
0.617472

7.2153
7.1366
12.6805
1.60208
1.62918
** SCAN TESTS **
SIZE= 4194304
2.4326
1.9851
3.23459
3.22314
1.11504
0.85504
0.657408
1.07827

7.1045
7.126
12.3457
1.57347
1.2288
** SCAN TESTS **
SIZE= 4194304
1.9245
2.0409
3.87283
3.12003
0.97856
1.51757
0.6912
0.705536

6.9868
7.057
12.3065
1.68016
1.33222
** SCAN TESTS **
SIZE= 4194304
2.0329
2.3725
3.29904
3.73277
0.882048
0.758784
0.75264
0.8048

7.2324
7.15
12.6406
1.60282
1.28819
** SCAN TESTS **
SIZE= 4194304
2.2467
2.1563
3.71978
3.25091
1.0224
0.86528
0.693248
0.731136

7.0871
6.7846
13.0226
1.77075
1.31174
** SCAN TESTS **
SIZE= 4194304
1.9668
2.0215
3.80122
3.23866
0.9808
0.723968
0.596992
0.801792

7.4832
7.1112
12.6838
1.99706
1.28
** SCAN TESTS **
SIZE= 8388608
4.1648
4.3179
6.95533
6.41062
1.2665
0.978944
0.881664
0.887808

14.5249
14.1581
24.7806
2.1585
1.93437
** SCAN TESTS **
SIZE= 8388608
4.0626
4.1356
6.8207
6.13306
1.39952
0.828416
0.7936
0.923648

14.2262
13.6921
24.4571
2.33824
1.80736
** SCAN TESTS **
SIZE= 8388608
3.8734
4.1889
6.42112
6.72486
1.51571
1.07008
1.02605
0.935936

14.1611
14.0538
24.7208
2.23578
1.94662
** SCAN TESTS **
SIZE= 8388608
3.895
4.454
7.00374
6.92333
1.72573
1.01786
0.949248
0.948288

14.1115
13.7728
25.3407
2.14582
1.92
** SCAN TESTS **
SIZE= 8388608
4.3684
3.8767
6.36963
6.23763
1.98704
1.13664
0.858112
0.980992

14.0435
14.336
24.99
2.25568
1.9712
** SCAN TESTS **
SIZE= 8388608
4.5514
4.1218
6.35981
6.27021
1.64166
1.11002
0.843776
0.896

14.28
14.097
25.9096
2.17619
1.95072
** SCAN TESTS **
SIZE= 8388608
4.0255
4.1788
6.96211
6.14246
1.6569
1.00352
1.08339
0.902176

14.0148
13.8375
25.2176
2.23869
1.92307
** SCAN TESTS **
SIZE= 8388608
4.5373
4.2575
7.18739
6.75066
1.49405
1.07725
0.8704
1.27795

13.8218
13.7692
25.3661
2.46467
1.99578
** SCAN TESTS **
SIZE= 8388608
4.1012
4.176
6.85757
6.13942
1.81488
1.23187
0.86016
0.973824

13.9876
13.8367
25.9743
2.13539
1.87597
** SCAN TESTS **
SIZE= 8388608
4.2186
4.3114
6.96698
6.19072
1.7815
1.32608
0.854016
0.940032

13.6961
13.8071
24.1105
2.30371
1.95584
** SCAN TESTS **
SIZE= 16777216
8.8192
8.6034
13.0046
12.4661
1.9721
1.86061
1.14483
1.11514

27.9313
27.4414
50.0174
3.39184
3.04333
** SCAN TESTS **
SIZE= 16777216
8.7636
7.9199
12.4361
12.269
2.05738
1.71418
1.08237
1.10182

27.696
28.2018
51.2568
3.49302
2.94298
** SCAN TESTS **
SIZE= 16777216
8.0591
8.1771
13.0196
12.4272
1.9687
1.97018
1.16838
1.09875

28.2515
28.9084
49.4342
3.47747
3.17338
** SCAN TESTS **
SIZE= 16777216
8.332
8.3742
13.007
12.8768
1.87334
1.87597
1.09978
1.0793

28.3906
27.9081
52.1602
3.37898
3.36691
** SCAN TESTS **
SIZE= 16777216
10.5132
8.6552
13.022
12.322
1.91459
1.76435
1.13869
1.02605

27.9204
27.608
49.5117
3.37341
3.10477
** SCAN TESTS **
SIZE= 16777216
8.1987
8.6911
13.3701
12.4167
2.07562
1.84218
1.16736
1.16227

27.908
27.1709
50.3292
3.3727
3.21331
** SCAN TESTS **
SIZE= 16777216
8.5866
8.5128
12.9977
12.4143
1.90534
1.72646
1.12333
1.09978

28.0414
27.45
52.7391
3.28806
3.01466
** SCAN TESTS **
SIZE= 16777216
8.1571
8.2681
12.8949
12.4012
1.90502
1.72237
1.08544
1.08032

27.5374
28.1366
51.9063
3.4713
3.00858
** SCAN TESTS **
SIZE= 16777216
8.5533
8.4548
13.0243
12.3937
1.87325
1.82682
1.05062
1.07418

28.0757
28.6645
50.3038
3.29414
3.10682
** SCAN TESTS **
SIZE= 16777216
8.3335
8.0696
14.0056
12.3258
2.14918
1.89747
1.08237
1.08749

27.7936
28.9048
49.6402
3.37325
3.02387
** SCAN TESTS **
SIZE= 33554432
17.1524
15.4388
25.4122
25.2767
3.368
3.0464
1.73869
1.64352

57.015
55.3494
100.392
5.86621
5.53472
** SCAN TESTS **
SIZE= 33554432
15.7645
16.3241
25.4285
25.3756
3.17162
2.83853
1.64352
1.55034

55.9716
56.3901
100.645
5.6831
5.45997
** SCAN TESTS **
SIZE= 33554432
17.6581
18.0834
25.3882
25.7363
3.02618
2.77094
1.65581
1.6169

55.8455
56.1403
103.037
5.58765
5.44358
** SCAN TESTS **
SIZE= 33554432
17.3758
15.8788
25.2473
25.2294
3.12957
2.84058
1.5872
1.58208

56.0168
55.9438
101.631
5.71117
5.3248
** SCAN TESTS **
SIZE= 33554432
16.7024
17.1964
25.4267
25.2602
2.93616
2.95117
1.61587
1.60154

55.6078
57.3164
103.323
5.97661
5.48352
** SCAN TESTS **
SIZE= 33554432
16.3218
16.0544
25.519
25.2199
3.09546
2.81088
1.61792
1.69574

57.0773
55.0733
99.9008
5.75434
5.3719
** SCAN TESTS **
SIZE= 33554432
16.338
16.5429
25.4168
25.3821
3.30931
3.11091
1.72749
1.71917

56.7651
54.625
101.518
6.03466
5.4313
** SCAN TESTS **
SIZE= 33554432
17.5497
16.8521
25.314
25.3746
3.28918
3.06381
1.65363
1.73168

56.7143
57.5416
101.239
5.62749
5.3975
** SCAN TESTS **
SIZE= 33554432
15.9771
17.0679
25.2897
25.4526
2.99638
2.80986
1.52269
1.77152

55.4533
56.7389
102.083
5.82
5.36576
** SCAN TESTS **
SIZE= 33554432
15.6764
16.6751
25.3104
25.3611
3.36125
2.67878
1.60051
1.62102

57.3079
55.0642
103.722
5.7879
5.44461
** SCAN TESTS **
SIZE= 67108864
32.9706
35.5836
53.0656
53.5323
5.12349
4.9193
2.74218
2.75446

112.721
110.711
199.535
10.3279
10.1284
** SCAN TESTS **
SIZE= 67108864
33.5569
34.8141
52.5207
52.7478
5.1296
4.95107
2.75661
2.61939

113.256
111.616
201.185
10.2797
10.2431
** SCAN TESTS **
SIZE= 67108864
31.8614
33.4057
52.6211
53.2301
4.82077
5.04218
2.57126
3.23782

112.968
110.388
202.18
10.4631
10.4233
** SCAN TESTS **
SIZE= 67108864
32.7121
32.178
53.204
53.2202
4.98829
4.86912
2.67162
2.70336

112.433
111.404
199.558
10.5103
10.0844
** SCAN TESTS **
SIZE= 67108864
33.219
32.6333
52.8677
53.5472
5.17571
4.91213
2.81805
2.78938

112.719
111.592
200.691
10.4745
10.1069
** SCAN TESTS **
SIZE= 67108864
32.5147
32.7109
52.6984
52.8136
5.25699
4.9193
2.55795
2.75558

114.087
111.741
201.624
10.2673
10.3004
** SCAN TESTS **
SIZE= 67108864
34.0245
32.2048
52.9994
52.2628
5.212
5.33606
2.64192
2.65523

111.849
113.071
201.059
10.4103
10.0895
** SCAN TESTS **
SIZE= 67108864
31.8586
34.716
52.758
52.8854
5.27904
4.89584
2.5856
2.69722

112.197
112.028
205.128
10.6945
10.1253
** SCAN TESTS **
SIZE= 67108864
33.727
32.7404
52.5358
52.5147
5.66061
4.91315
2.87334
2.80371

110.564
111.981
201.118
10.483
9.96454
** SCAN TESTS **
SIZE= 67108864
31.3847
33.2231
52.6487
53.3386
4.98733
4.96435
2.58765
2.61939

113.122
113.051
202.496
10.7417
10.2738
** SCAN TESTS **
SIZE= 134217728
65.7458
66.5541
109.714
108.931
9.90403
9.3952
4.66637
4.61414

224.717
226.441
405.414
19.2476
18.6665
** SCAN TESTS **
SIZE= 134217728
71.1686
70.3108
110.751
109.079
10.0701
9.49658
4.77798
4.64486

223.765
223.462
400.433
19.1076
18.7228
** SCAN TESTS **
SIZE= 134217728
63.701
64.7987
110.326
109.048
9.95459
9.56422
4.65818
4.76262

222.645
222.427
400.019
20.2342
19.4038
** SCAN TESTS **
SIZE= 134217728
64.6291
72.2041
110.321
108.97
9.69693
9.44435
4.67354
5.21523

225.243
223.965
407.214
20.1375
19.543
** SCAN TESTS **
SIZE= 134217728
66.9426
67.8383
110.252
108.943
10.3463
9.47405
4.67354
4.864

225.264
222.31
405.457
21.0745
18.9583
** SCAN TESTS **
SIZE= 134217728
71.2926
64.0346
110.549
109.242
10.0368
9.54163
4.64896
4.71654

223.021
220.288
403.56
20.3589
19.2143
** SCAN TESTS **
SIZE= 134217728
64.5018
69.2349
110.357
108.873
9.96083
9.37677
4.67251
4.66739

227.221
223.779
405.394
20.2519
18.8559
** SCAN TESTS **
SIZE= 134217728
66.2381
65.3097
110.37
109.331
9.97939
9.4935
4.67456
4.76262

224.317
228.967
405.428
19.0925
19.115
** SCAN TESTS **
SIZE= 134217728
64.5025
65.5607
110.815
108.996
9.51082
8.98867
4.6848
4.91622

223.964
222.718
406.811
19.3702
18.9348
** SCAN TESTS **
SIZE= 134217728
70.6062
70.563
110.376
109.062
10.1392
9.3911
5.01862
4.74931

227.643
226.933
402.117
20.1753
19.0259
** SCAN TESTS **
SIZE= 268435456
132.373
133.35
228.608
227.778
16.8142
16.8602
8.58112
8.54323

451.766
456.493
804.737
39.1622
36.9736
** SCAN TESTS **
SIZE= 268435456
130.853
132.751
230.517
227.635
17.5688
17.0496
8.2135
9.22624

450.667
452.019
842.232
37.3482
37.1026
** SCAN TESTS **
SIZE= 268435456
132.292
138.979
228.483
227.452
17.3796
16.34
8.576
8.63744

448.704
450.355
803.179
38.7403
36.6735
** SCAN TESTS **
SIZE= 268435456
132.747
128.708
228.25
227.803
17.5412
16.6175
8.52582
8.62413

451.018
450.695
819.745
37.7899
37.3105
** SCAN TESTS **
SIZE= 268435456
143.426
153.884
228.478
227.438
17.1444
16.9697
8.54426
8.5975

453.483
446.99
801.387
39.5788
37.0872
** SCAN TESTS **
SIZE= 268435456
136.296
133.544
228.354
227.714
17.319
17.1448
8.91802
8.66714

447.684
454.203
804.796
39.0621
37.0831
** SCAN TESTS **
SIZE= 268435456
139.047
134.467
228.831
227.896
17.4343
17.1387
8.64563
8.76954

464.444
453.871
815.938
39.8693
36.8323
** SCAN TESTS **
SIZE= 268435456
128.088
133.992
228.497
227.595
17.2821
16.6349
8.35482
8.6057

449.984
456.349
831.611
38.8659
36.6664
** SCAN TESTS **
SIZE= 268435456
137.352
133.549
228.095
227.808
17.6704
17.0086
8.76442
9.07674

448.816
458.047
834.451
39.5145
36.1943
** SCAN TESTS **
SIZE= 268435456
147.094
134.541
228.095
227.397
17.2193
17.1213
8.28723
8.47053

452.239
452.946
821.22
36.6826
36.8712
** SCAN TESTS **
SIZE= 268435456
131.345
133.329
228.696
227.337
17.0305
16.7363
8.45517
8.69888

453.835
445.657
827.376
39.1469
36.5681
